
Analogy,turn down,322,668,14,397
,,,,,
,,,,,
,,,,,
,,,,,